=== Run information ===

Scheme:       weka.classifiers.bayes.NaiveBayes -D
Relation:     challenges-weka.filters.unsupervised.attribute.StringToWordVector-R1-W1000-prune-rate-1.0-C-T-I-N1-L-stemmerweka.core.stemmers.SnowballStemmer -S english-stopwords-handlerweka.core.stopwords.WordsFromFile -stopwords /home/samuel/Desktop/TextMining-DevOpsEducation/englishStopWords.txt-M1-tokenizerweka.core.tokenizers.WordTokenizer -delimiters ".,;:’”()?!/ -_><&#"-weka.filters.unsupervised.attribute.Reorder-R2,3,4,5,6,7,8,9,10,11,12,13,14,15,16,17,18,19,20,21,22,23,24,25,26,27,28,29,30,31,32,33,34,35,36,37,38,39,40,41,42,43,44,45,46,47,48,49,50,51,52,53,54,55,56,57,58,59,60,61,62,63,64,65,66,67,68,69,70,71,72,73,74,75,76,77,78,79,80,81,82,83,84,85,86,87,88,89,90,91,92,93,94,95,96,97,98,99,100,101,102,103,104,105,106,107,108,109,110,111,112,113,114,115,116,117,118,119,120,121,122,123,124,125,126,127,128,129,130,131,132,133,134,135,136,137,138,139,140,141,142,143,144,145,146,147,148,149,150,151,152,153,154,155,156,157,158,159,160,161,162,163,164,165,166,167,168,169,170,171,172,173,174,175,176,177,178,179,180,181,182,183,184,185,186,187,188,189,190,191,192,193,194,195,196,197,198,199,200,201,202,203,204,205,206,207,208,209,210,211,212,213,214,215,216,217,218,219,220,221,222,223,224,225,226,227,228,229,230,231,232,233,234,235,236,237,238,239,1-weka.filters.unsupervised.instance.Resample-S1-Z70.0
Instances:    51
Attributes:   239
              [list of attributes omitted]
Test mode:    10-fold cross-validation

=== Classifier model (full training set) ===

Naive Bayes Classifier

                                    Class
Attribute                      assessment classes preparation          curriculum     devops concepts   environment setup            pedagogy               tools
                                   (0.17)              (0.17)              (0.09)               (0.1)              (0.12)              (0.19)              (0.16)
==================================================================================================================================================================
actual
  'All'                               10.0                10.0                 5.0                 6.0                 7.0                11.0                 9.0
  [total]                             10.0                10.0                 5.0                 6.0                 7.0                11.0                 9.0

agil
  'All'                               10.0                10.0                 5.0                 6.0                 7.0                11.0                 9.0
  [total]                             10.0                10.0                 5.0                 6.0                 7.0                11.0                 9.0

assess
  'All'                               10.0                10.0                 5.0                 6.0                 7.0                11.0                 9.0
  [total]                             10.0                10.0                 5.0                 6.0                 7.0                11.0                 9.0

autom
  'All'                               10.0                10.0                 5.0                 6.0                 7.0                11.0                 9.0
  [total]                             10.0                10.0                 5.0                 6.0                 7.0                11.0                 9.0

becaus
  'All'                               10.0                10.0                 5.0                 6.0                 7.0                11.0                 9.0
  [total]                             10.0                10.0                 5.0                 6.0                 7.0                11.0                 9.0

code
  'All'                               10.0                10.0                 5.0                 6.0                 7.0                11.0                 9.0
  [total]                             10.0                10.0                 5.0                 6.0                 7.0                11.0                 9.0

complex
  'All'                               10.0                10.0                 5.0                 6.0                 7.0                11.0                 9.0
  [total]                             10.0                10.0                 5.0                 6.0                 7.0                11.0                 9.0

consequ
  'All'                               10.0                10.0                 5.0                 6.0                 7.0                11.0                 9.0
  [total]                             10.0                10.0                 5.0                 6.0                 7.0                11.0                 9.0

cours
  'All'                               10.0                10.0                 5.0                 6.0                 7.0                11.0                 9.0
  [total]                             10.0                10.0                 5.0                 6.0                 7.0                11.0                 9.0

deadlin
  'All'                               10.0                10.0                 5.0                 6.0                 7.0                11.0                 9.0
  [total]                             10.0                10.0                 5.0                 6.0                 7.0                11.0                 9.0

devop
  'All'                               10.0                10.0                 5.0                 6.0                 7.0                11.0                 9.0
  [total]                             10.0                10.0                 5.0                 6.0                 7.0                11.0                 9.0

difficult
  'All'                               10.0                10.0                 5.0                 6.0                 7.0                11.0                 9.0
  [total]                             10.0                10.0                 5.0                 6.0                 7.0                11.0                 9.0

elabor
  'All'                               10.0                10.0                 5.0                 6.0                 7.0                11.0                 9.0
  [total]                             10.0                10.0                 5.0                 6.0                 7.0                11.0                 9.0

environ
  'All'                               10.0                10.0                 5.0                 6.0                 7.0                11.0                 9.0
  [total]                             10.0                10.0                 5.0                 6.0                 7.0                11.0                 9.0

error
  'All'                               10.0                10.0                 5.0                 6.0                 7.0                11.0                 9.0
  [total]                             10.0                10.0                 5.0                 6.0                 7.0                11.0                 9.0

evalu
  'All'                               10.0                10.0                 5.0                 6.0                 7.0                11.0                 9.0
  [total]                             10.0                10.0                 5.0                 6.0                 7.0                11.0                 9.0

execut
  'All'                               10.0                10.0                 5.0                 6.0                 7.0                11.0                 9.0
  [total]                             10.0                10.0                 5.0                 6.0                 7.0                11.0                 9.0

exercis
  'All'                               10.0                10.0                 5.0                 6.0                 7.0                11.0                 9.0
  [total]                             10.0                10.0                 5.0                 6.0                 7.0                11.0                 9.0

good
  'All'                               10.0                10.0                 5.0                 6.0                 7.0                11.0                 9.0
  [total]                             10.0                10.0                 5.0                 6.0                 7.0                11.0                 9.0

hard
  'All'                               10.0                10.0                 5.0                 6.0                 7.0                11.0                 9.0
  [total]                             10.0                10.0                 5.0                 6.0                 7.0                11.0                 9.0

increas
  'All'                               10.0                10.0                 5.0                 6.0                 7.0                11.0                 9.0
  [total]                             10.0                10.0                 5.0                 6.0                 7.0                11.0                 9.0

iter
  'All'                               10.0                10.0                 5.0                 6.0                 7.0                11.0                 9.0
  [total]                             10.0                10.0                 5.0                 6.0                 7.0                11.0                 9.0

knowledg
  'All'                               10.0                10.0                 5.0                 6.0                 7.0                11.0                 9.0
  [total]                             10.0                10.0                 5.0                 6.0                 7.0                11.0                 9.0

late
  'All'                               10.0                10.0                 5.0                 6.0                 7.0                11.0                 9.0
  [total]                             10.0                10.0                 5.0                 6.0                 7.0                11.0                 9.0

meant
  'All'                               10.0                10.0                 5.0                 6.0                 7.0                11.0                 9.0
  [total]                             10.0                10.0                 5.0                 6.0                 7.0                11.0                 9.0

mindset
  'All'                               10.0                10.0                 5.0                 6.0                 7.0                11.0                 9.0
  [total]                             10.0                10.0                 5.0                 6.0                 7.0                11.0                 9.0

previous
  'All'                               10.0                10.0                 5.0                 6.0                 7.0                11.0                 9.0
  [total]                             10.0                10.0                 5.0                 6.0                 7.0                11.0                 9.0

program
  'All'                               10.0                10.0                 5.0                 6.0                 7.0                11.0                 9.0
  [total]                             10.0                10.0                 5.0                 6.0                 7.0                11.0                 9.0

queue
  'All'                               10.0                10.0                 5.0                 6.0                 7.0                11.0                 9.0
  [total]                             10.0                10.0                 5.0                 6.0                 7.0                11.0                 9.0

quit
  'All'                               10.0                10.0                 5.0                 6.0                 7.0                11.0                 9.0
  [total]                             10.0                10.0                 5.0                 6.0                 7.0                11.0                 9.0

realist
  'All'                               10.0                10.0                 5.0                 6.0                 7.0                11.0                 9.0
  [total]                             10.0                10.0                 5.0                 6.0                 7.0                11.0                 9.0

review
  'All'                               10.0                10.0                 5.0                 6.0                 7.0                11.0                 9.0
  [total]                             10.0                10.0                 5.0                 6.0                 7.0                11.0                 9.0

sloppi
  'All'                               10.0                10.0                 5.0                 6.0                 7.0                11.0                 9.0
  [total]                             10.0                10.0                 5.0                 6.0                 7.0                11.0                 9.0

solut
  'All'                               10.0                10.0                 5.0                 6.0                 7.0                11.0                 9.0
  [total]                             10.0                10.0                 5.0                 6.0                 7.0                11.0                 9.0

strategi
  'All'                               10.0                10.0                 5.0                 6.0                 7.0                11.0                 9.0
  [total]                             10.0                10.0                 5.0                 6.0                 7.0                11.0                 9.0

student
  'All'                               10.0                10.0                 5.0                 6.0                 7.0                11.0                 9.0
  [total]                             10.0                10.0                 5.0                 6.0                 7.0                11.0                 9.0

submiss
  'All'                               10.0                10.0                 5.0                 6.0                 7.0                11.0                 9.0
  [total]                             10.0                10.0                 5.0                 6.0                 7.0                11.0                 9.0

system
  'All'                               10.0                10.0                 5.0                 6.0                 7.0                11.0                 9.0
  [total]                             10.0                10.0                 5.0                 6.0                 7.0                11.0                 9.0

teach
  'All'                               10.0                10.0                 5.0                 6.0                 7.0                11.0                 9.0
  [total]                             10.0                10.0                 5.0                 6.0                 7.0                11.0                 9.0

teacher
  'All'                               10.0                10.0                 5.0                 6.0                 7.0                11.0                 9.0
  [total]                             10.0                10.0                 5.0                 6.0                 7.0                11.0                 9.0

time
  'All'                               10.0                10.0                 5.0                 6.0                 7.0                11.0                 9.0
  [total]                             10.0                10.0                 5.0                 6.0                 7.0                11.0                 9.0

trivial
  'All'                               10.0                10.0                 5.0                 6.0                 7.0                11.0                 9.0
  [total]                             10.0                10.0                 5.0                 6.0                 7.0                11.0                 9.0

unfortun
  'All'                               10.0                10.0                 5.0                 6.0                 7.0                11.0                 9.0
  [total]                             10.0                10.0                 5.0                 6.0                 7.0                11.0                 9.0

unrel
  'All'                               10.0                10.0                 5.0                 6.0                 7.0                11.0                 9.0
  [total]                             10.0                10.0                 5.0                 6.0                 7.0                11.0                 9.0

wast
  'All'                               10.0                10.0                 5.0                 6.0                 7.0                11.0                 9.0
  [total]                             10.0                10.0                 5.0                 6.0                 7.0                11.0                 9.0

work
  'All'                               10.0                10.0                 5.0                 6.0                 7.0                11.0                 9.0
  [total]                             10.0                10.0                 5.0                 6.0                 7.0                11.0                 9.0

workload
  'All'                               10.0                10.0                 5.0                 6.0                 7.0                11.0                 9.0
  [total]                             10.0                10.0                 5.0                 6.0                 7.0                11.0                 9.0

‘no
  'All'                               10.0                10.0                 5.0                 6.0                 7.0                11.0                 9.0
  [total]                             10.0                10.0                 5.0                 6.0                 7.0                11.0                 9.0

‘unlimit
  'All'                               10.0                10.0                 5.0                 6.0                 7.0                11.0                 9.0
  [total]                             10.0                10.0                 5.0                 6.0                 7.0                11.0                 9.0

alway
  'All'                               10.0                10.0                 5.0                 6.0                 7.0                11.0                 9.0
  [total]                             10.0                10.0                 5.0                 6.0                 7.0                11.0                 9.0

ambigu
  'All'                               10.0                10.0                 5.0                 6.0                 7.0                11.0                 9.0
  [total]                             10.0                10.0                 5.0                 6.0                 7.0                11.0                 9.0

amount
  'All'                               10.0                10.0                 5.0                 6.0                 7.0                11.0                 9.0
  [total]                             10.0                10.0                 5.0                 6.0                 7.0                11.0                 9.0

bilater
  'All'                               10.0                10.0                 5.0                 6.0                 7.0                11.0                 9.0
  [total]                             10.0                10.0                 5.0                 6.0                 7.0                11.0                 9.0

bodi
  'All'                               10.0                10.0                 5.0                 6.0                 7.0                11.0                 9.0
  [total]                             10.0                10.0                 5.0                 6.0                 7.0                11.0                 9.0

collect
  'All'                               10.0                10.0                 5.0                 6.0                 7.0                11.0                 9.0
  [total]                             10.0                10.0                 5.0                 6.0                 7.0                11.0                 9.0

communic
  'All'                               10.0                10.0                 5.0                 6.0                 7.0                11.0                 9.0
  [total]                             10.0                10.0                 5.0                 6.0                 7.0                11.0                 9.0

conduct
  'All'                               10.0                10.0                 5.0                 6.0                 7.0                11.0                 9.0
  [total]                             10.0                10.0                 5.0                 6.0                 7.0                11.0                 9.0

conscious
  'All'                               10.0                10.0                 5.0                 6.0                 7.0                11.0                 9.0
  [total]                             10.0                10.0                 5.0                 6.0                 7.0                11.0                 9.0

corpor
  'All'                               10.0                10.0                 5.0                 6.0                 7.0                11.0                 9.0
  [total]                             10.0                10.0                 5.0                 6.0                 7.0                11.0                 9.0

educ
  'All'                               10.0                10.0                 5.0                 6.0                 7.0                11.0                 9.0
  [total]                             10.0                10.0                 5.0                 6.0                 7.0                11.0                 9.0

effect
  'All'                               10.0                10.0                 5.0                 6.0                 7.0                11.0                 9.0
  [total]                             10.0                10.0                 5.0                 6.0                 7.0                11.0                 9.0

engin
  'All'                               10.0                10.0                 5.0                 6.0                 7.0                11.0                 9.0
  [total]                             10.0                10.0                 5.0                 6.0                 7.0                11.0                 9.0

engineerigin
  'All'                               10.0                10.0                 5.0                 6.0                 7.0                11.0                 9.0
  [total]                             10.0                10.0                 5.0                 6.0                 7.0                11.0                 9.0

facilit
  'All'                               10.0                10.0                 5.0                 6.0                 7.0                11.0                 9.0
  [total]                             10.0                10.0                 5.0                 6.0                 7.0                11.0                 9.0

generic
  'All'                               10.0                10.0                 5.0                 6.0                 7.0                11.0                 9.0
  [total]                             10.0                10.0                 5.0                 6.0                 7.0                11.0                 9.0

incorpor
  'All'                               10.0                10.0                 5.0                 6.0                 7.0                11.0                 9.0
  [total]                             10.0                10.0                 5.0                 6.0                 7.0                11.0                 9.0

inform
  'All'                               10.0                10.0                 5.0                 6.0                 7.0                11.0                 9.0
  [total]                             10.0                10.0                 5.0                 6.0                 7.0                11.0                 9.0

invest
  'All'                               10.0                10.0                 5.0                 6.0                 7.0                11.0                 9.0
  [total]                             10.0                10.0                 5.0                 6.0                 7.0                11.0                 9.0

lack
  'All'                               10.0                10.0                 5.0                 6.0                 7.0                11.0                 9.0
  [total]                             10.0                10.0                 5.0                 6.0                 7.0                11.0                 9.0

limit
  'All'                               10.0                10.0                 5.0                 6.0                 7.0                11.0                 9.0
  [total]                             10.0                10.0                 5.0                 6.0                 7.0                11.0                 9.0

littl
  'All'                               10.0                10.0                 5.0                 6.0                 7.0                11.0                 9.0
  [total]                             10.0                10.0                 5.0                 6.0                 7.0                11.0                 9.0

neglig
  'All'                               10.0                10.0                 5.0                 6.0                 7.0                11.0                 9.0
  [total]                             10.0                10.0                 5.0                 6.0                 7.0                11.0                 9.0

part
  'All'                               10.0                10.0                 5.0                 6.0                 7.0                11.0                 9.0
  [total]                             10.0                10.0                 5.0                 6.0                 7.0                11.0                 9.0

plan
  'All'                               10.0                10.0                 5.0                 6.0                 7.0                11.0                 9.0
  [total]                             10.0                10.0                 5.0                 6.0                 7.0                11.0                 9.0

possibl
  'All'                               10.0                10.0                 5.0                 6.0                 7.0                11.0                 9.0
  [total]                             10.0                10.0                 5.0                 6.0                 7.0                11.0                 9.0

pratic
  'All'                               10.0                10.0                 5.0                 6.0                 7.0                11.0                 9.0
  [total]                             10.0                10.0                 5.0                 6.0                 7.0                11.0                 9.0

prepar
  'All'                               10.0                10.0                 5.0                 6.0                 7.0                11.0                 9.0
  [total]                             10.0                10.0                 5.0                 6.0                 7.0                11.0                 9.0

privaci
  'All'                               10.0                10.0                 5.0                 6.0                 7.0                11.0                 9.0
  [total]                             10.0                10.0                 5.0                 6.0                 7.0                11.0                 9.0

proper
  'All'                               10.0                10.0                 5.0                 6.0                 7.0                11.0                 9.0
  [total]                             10.0                10.0                 5.0                 6.0                 7.0                11.0                 9.0

questionnair
  'All'                               10.0                10.0                 5.0                 6.0                 7.0                11.0                 9.0
  [total]                             10.0                10.0                 5.0                 6.0                 7.0                11.0                 9.0

research
  'All'                               10.0                10.0                 5.0                 6.0                 7.0                11.0                 9.0
  [total]                             10.0                10.0                 5.0                 6.0                 7.0                11.0                 9.0

site
  'All'                               10.0                10.0                 5.0                 6.0                 7.0                11.0                 9.0
  [total]                             10.0                10.0                 5.0                 6.0                 7.0                11.0                 9.0

softwar
  'All'                               10.0                10.0                 5.0                 6.0                 7.0                11.0                 9.0
  [total]                             10.0                10.0                 5.0                 6.0                 7.0                11.0                 9.0

sound
  'All'                               10.0                10.0                 5.0                 6.0                 7.0                11.0                 9.0
  [total]                             10.0                10.0                 5.0                 6.0                 7.0                11.0                 9.0

spend
  'All'                               10.0                10.0                 5.0                 6.0                 7.0                11.0                 9.0
  [total]                             10.0                10.0                 5.0                 6.0                 7.0                11.0                 9.0

staff
  'All'                               10.0                10.0                 5.0                 6.0                 7.0                11.0                 9.0
  [total]                             10.0                10.0                 5.0                 6.0                 7.0                11.0                 9.0

standard
  'All'                               10.0                10.0                 5.0                 6.0                 7.0                11.0                 9.0
  [total]                             10.0                10.0                 5.0                 6.0                 7.0                11.0                 9.0

team
  'All'                               10.0                10.0                 5.0                 6.0                 7.0                11.0                 9.0
  [total]                             10.0                10.0                 5.0                 6.0                 7.0                11.0                 9.0

technolog
  'All'                               10.0                10.0                 5.0                 6.0                 7.0                11.0                 9.0
  [total]                             10.0                10.0                 5.0                 6.0                 7.0                11.0                 9.0

theori
  'All'                               10.0                10.0                 5.0                 6.0                 7.0                11.0                 9.0
  [total]                             10.0                10.0                 5.0                 6.0                 7.0                11.0                 9.0

tradit
  'All'                               10.0                10.0                 5.0                 6.0                 7.0                11.0                 9.0
  [total]                             10.0                10.0                 5.0                 6.0                 7.0                11.0                 9.0

unabl
  'All'                               10.0                10.0                 5.0                 6.0                 7.0                11.0                 9.0
  [total]                             10.0                10.0                 5.0                 6.0                 7.0                11.0                 9.0

125
  'All'                               10.0                10.0                 5.0                 6.0                 7.0                11.0                 9.0
  [total]                             10.0                10.0                 5.0                 6.0                 7.0                11.0                 9.0

attent
  'All'                               10.0                10.0                 5.0                 6.0                 7.0                11.0                 9.0
  [total]                             10.0                10.0                 5.0                 6.0                 7.0                11.0                 9.0

avail
  'All'                               10.0                10.0                 5.0                 6.0                 7.0                11.0                 9.0
  [total]                             10.0                10.0                 5.0                 6.0                 7.0                11.0                 9.0

boundari
  'All'                               10.0                10.0                 5.0                 6.0                 7.0                11.0                 9.0
  [total]                             10.0                10.0                 5.0                 6.0                 7.0                11.0                 9.0

cd
  'All'                               10.0                10.0                 5.0                 6.0                 7.0                11.0                 9.0
  [total]                             10.0                10.0                 5.0                 6.0                 7.0                11.0                 9.0

ci
  'All'                               10.0                10.0                 5.0                 6.0                 7.0                11.0                 9.0
  [total]                             10.0                10.0                 5.0                 6.0                 7.0                11.0                 9.0

concept
  'All'                               10.0                10.0                 5.0                 6.0                 7.0                11.0                 9.0
  [total]                             10.0                10.0                 5.0                 6.0                 7.0                11.0                 9.0

consid
  'All'                               10.0                10.0                 5.0                 6.0                 7.0                11.0                 9.0
  [total]                             10.0                10.0                 5.0                 6.0                 7.0                11.0                 9.0

crosscut
  'All'                               10.0                10.0                 5.0                 6.0                 7.0                11.0                 9.0
  [total]                             10.0                10.0                 5.0                 6.0                 7.0                11.0                 9.0

curricula
  'All'                               10.0                10.0                 5.0                 6.0                 7.0                11.0                 9.0
  [total]                             10.0                10.0                 5.0                 6.0                 7.0                11.0                 9.0

devot
  'All'                               10.0                10.0                 5.0                 6.0                 7.0                11.0                 9.0
  [total]                             10.0                10.0                 5.0                 6.0                 7.0                11.0                 9.0

ect
  'All'                               10.0                10.0                 5.0                 6.0                 7.0                11.0                 9.0
  [total]                             10.0                10.0                 5.0                 6.0                 7.0                11.0                 9.0

effort
  'All'                               10.0                10.0                 5.0                 6.0                 7.0                11.0                 9.0
  [total]                             10.0                10.0                 5.0                 6.0                 7.0                11.0                 9.0

fine
  'All'                               10.0                10.0                 5.0                 6.0                 7.0                11.0                 9.0
  [total]                             10.0                10.0                 5.0                 6.0                 7.0                11.0                 9.0

frame
  'All'                               10.0                10.0                 5.0                 6.0                 7.0                11.0                 9.0
  [total]                             10.0                10.0                 5.0                 6.0                 7.0                11.0                 9.0

high
  'All'                               10.0                10.0                 5.0                 6.0                 7.0                11.0                 9.0
  [total]                             10.0                10.0                 5.0                 6.0                 7.0                11.0                 9.0

higher
  'All'                               10.0                10.0                 5.0                 6.0                 7.0                11.0                 9.0
  [total]                             10.0                10.0                 5.0                 6.0                 7.0                11.0                 9.0

hour
  'All'                               10.0                10.0                 5.0                 6.0                 7.0                11.0                 9.0
  [total]                             10.0                10.0                 5.0                 6.0                 7.0                11.0                 9.0

insuffici
  'All'                               10.0                10.0                 5.0                 6.0                 7.0                11.0                 9.0
  [total]                             10.0                10.0                 5.0                 6.0                 7.0                11.0                 9.0

minor
  'All'                               10.0                10.0                 5.0                 6.0                 7.0                11.0                 9.0
  [total]                             10.0                10.0                 5.0                 6.0                 7.0                11.0                 9.0

multidisciplinari
  'All'                               10.0                10.0                 5.0                 6.0                 7.0                11.0                 9.0
  [total]                             10.0                10.0                 5.0                 6.0                 7.0                11.0                 9.0

outdat
  'All'                               10.0                10.0                 5.0                 6.0                 7.0                11.0                 9.0
  [total]                             10.0                10.0                 5.0                 6.0                 7.0                11.0                 9.0

prerequisit
  'All'                               10.0                10.0                 5.0                 6.0                 7.0                11.0                 9.0
  [total]                             10.0                10.0                 5.0                 6.0                 7.0                11.0                 9.0

receiv
  'All'                               10.0                10.0                 5.0                 6.0                 7.0                11.0                 9.0
  [total]                             10.0                10.0                 5.0                 6.0                 7.0                11.0                 9.0

shot
  'All'                               10.0                10.0                 5.0                 6.0                 7.0                11.0                 9.0
  [total]                             10.0                10.0                 5.0                 6.0                 7.0                11.0                 9.0

therefor
  'All'                               10.0                10.0                 5.0                 6.0                 7.0                11.0                 9.0
  [total]                             10.0                10.0                 5.0                 6.0                 7.0                11.0                 9.0

tune
  'All'                               10.0                10.0                 5.0                 6.0                 7.0                11.0                 9.0
  [total]                             10.0                10.0                 5.0                 6.0                 7.0                11.0                 9.0

week
  'All'                               10.0                10.0                 5.0                 6.0                 7.0                11.0                 9.0
  [total]                             10.0                10.0                 5.0                 6.0                 7.0                11.0                 9.0

“dev
  'All'                               10.0                10.0                 5.0                 6.0                 7.0                11.0                 9.0
  [total]                             10.0                10.0                 5.0                 6.0                 7.0                11.0                 9.0

“op
  'All'                               10.0                10.0                 5.0                 6.0                 7.0                11.0                 9.0
  [total]                             10.0                10.0                 5.0                 6.0                 7.0                11.0                 9.0

activ
  'All'                               10.0                10.0                 5.0                 6.0                 7.0                11.0                 9.0
  [total]                             10.0                10.0                 5.0                 6.0                 7.0                11.0                 9.0

approach
  'All'                               10.0                10.0                 5.0                 6.0                 7.0                11.0                 9.0
  [total]                             10.0                10.0                 5.0                 6.0                 7.0                11.0                 9.0

challeng
  'All'                               10.0                10.0                 5.0                 6.0                 7.0                11.0                 9.0
  [total]                             10.0                10.0                 5.0                 6.0                 7.0                11.0                 9.0

concentr
  'All'                               10.0                10.0                 5.0                 6.0                 7.0                11.0                 9.0
  [total]                             10.0                10.0                 5.0                 6.0                 7.0                11.0                 9.0

cultur
  'All'                               10.0                10.0                 5.0                 6.0                 7.0                11.0                 9.0
  [total]                             10.0                10.0                 5.0                 6.0                 7.0                11.0                 9.0

dev
  'All'                               10.0                10.0                 5.0                 6.0                 7.0                11.0                 9.0
  [total]                             10.0                10.0                 5.0                 6.0                 7.0                11.0                 9.0

develop
  'All'                               10.0                10.0                 5.0                 6.0                 7.0                11.0                 9.0
  [total]                             10.0                10.0                 5.0                 6.0                 7.0                11.0                 9.0

difficulti
  'All'                               10.0                10.0                 5.0                 6.0                 7.0                11.0                 9.0
  [total]                             10.0                10.0                 5.0                 6.0                 7.0                11.0                 9.0

emphas
  'All'                               10.0                10.0                 5.0                 6.0                 7.0                11.0                 9.0
  [total]                             10.0                10.0                 5.0                 6.0                 7.0                11.0                 9.0

explain
  'All'                               10.0                10.0                 5.0                 6.0                 7.0                11.0                 9.0
  [total]                             10.0                10.0                 5.0                 6.0                 7.0                11.0                 9.0

explor
  'All'                               10.0                10.0                 5.0                 6.0                 7.0                11.0                 9.0
  [total]                             10.0                10.0                 5.0                 6.0                 7.0                11.0                 9.0

feasibl
  'All'                               10.0                10.0                 5.0                 6.0                 7.0                11.0                 9.0
  [total]                             10.0                10.0                 5.0                 6.0                 7.0                11.0                 9.0

find
  'All'                               10.0                10.0                 5.0                 6.0                 7.0                11.0                 9.0
  [total]                             10.0                10.0                 5.0                 6.0                 7.0                11.0                 9.0

fundament
  'All'                               10.0                10.0                 5.0                 6.0                 7.0                11.0                 9.0
  [total]                             10.0                10.0                 5.0                 6.0                 7.0                11.0                 9.0

iac
  'All'                               10.0                10.0                 5.0                 6.0                 7.0                11.0                 9.0
  [total]                             10.0                10.0                 5.0                 6.0                 7.0                11.0                 9.0

learn
  'All'                               10.0                10.0                 5.0                 6.0                 7.0                11.0                 9.0
  [total]                             10.0                10.0                 5.0                 6.0                 7.0                11.0                 9.0

main
  'All'                               10.0                10.0                 5.0                 6.0                 7.0                11.0                 9.0
  [total]                             10.0                10.0                 5.0                 6.0                 7.0                11.0                 9.0

mutat
  'All'                               10.0                10.0                 5.0                 6.0                 7.0                11.0                 9.0
  [total]                             10.0                10.0                 5.0                 6.0                 7.0                11.0                 9.0

op
  'All'                               10.0                10.0                 5.0                 6.0                 7.0                11.0                 9.0
  [total]                             10.0                10.0                 5.0                 6.0                 7.0                11.0                 9.0

oper
  'All'                               10.0                10.0                 5.0                 6.0                 7.0                11.0                 9.0
  [total]                             10.0                10.0                 5.0                 6.0                 7.0                11.0                 9.0

opt
  'All'                               10.0                10.0                 5.0                 6.0                 7.0                11.0                 9.0
  [total]                             10.0                10.0                 5.0                 6.0                 7.0                11.0                 9.0

perceiv
  'All'                               10.0                10.0                 5.0                 6.0                 7.0                11.0                 9.0
  [total]                             10.0                10.0                 5.0                 6.0                 7.0                11.0                 9.0

pillar
  'All'                               10.0                10.0                 5.0                 6.0                 7.0                11.0                 9.0
  [total]                             10.0                10.0                 5.0                 6.0                 7.0                11.0                 9.0

pipelin
  'All'                               10.0                10.0                 5.0                 6.0                 7.0                11.0                 9.0
  [total]                             10.0                10.0                 5.0                 6.0                 7.0                11.0                 9.0

practic
  'All'                               10.0                10.0                 5.0                 6.0                 7.0                11.0                 9.0
  [total]                             10.0                10.0                 5.0                 6.0                 7.0                11.0                 9.0

principl
  'All'                               10.0                10.0                 5.0                 6.0                 7.0                11.0                 9.0
  [total]                             10.0                10.0                 5.0                 6.0                 7.0                11.0                 9.0

relat
  'All'                               10.0                10.0                 5.0                 6.0                 7.0                11.0                 9.0
  [total]                             10.0                10.0                 5.0                 6.0                 7.0                11.0                 9.0

stack
  'All'                               10.0                10.0                 5.0                 6.0                 7.0                11.0                 9.0
  [total]                             10.0                10.0                 5.0                 6.0                 7.0                11.0                 9.0

test
  'All'                               10.0                10.0                 5.0                 6.0                 7.0                11.0                 9.0
  [total]                             10.0                10.0                 5.0                 6.0                 7.0                11.0                 9.0

theoric
  'All'                               10.0                10.0                 5.0                 6.0                 7.0                11.0                 9.0
  [total]                             10.0                10.0                 5.0                 6.0                 7.0                11.0                 9.0

trade
  'All'                               10.0                10.0                 5.0                 6.0                 7.0                11.0                 9.0
  [total]                             10.0                10.0                 5.0                 6.0                 7.0                11.0                 9.0

underpin
  'All'                               10.0                10.0                 5.0                 6.0                 7.0                11.0                 9.0
  [total]                             10.0                10.0                 5.0                 6.0                 7.0                11.0                 9.0

univers
  'All'                               10.0                10.0                 5.0                 6.0                 7.0                11.0                 9.0
  [total]                             10.0                10.0                 5.0                 6.0                 7.0                11.0                 9.0

architectur
  'All'                               10.0                10.0                 5.0                 6.0                 7.0                11.0                 9.0
  [total]                             10.0                10.0                 5.0                 6.0                 7.0                11.0                 9.0

cloud
  'All'                               10.0                10.0                 5.0                 6.0                 7.0                11.0                 9.0
  [total]                             10.0                10.0                 5.0                 6.0                 7.0                11.0                 9.0

complic
  'All'                               10.0                10.0                 5.0                 6.0                 7.0                11.0                 9.0
  [total]                             10.0                10.0                 5.0                 6.0                 7.0                11.0                 9.0

contraint
  'All'                               10.0                10.0                 5.0                 6.0                 7.0                11.0                 9.0
  [total]                             10.0                10.0                 5.0                 6.0                 7.0                11.0                 9.0

cost
  'All'                               10.0                10.0                 5.0                 6.0                 7.0                11.0                 9.0
  [total]                             10.0                10.0                 5.0                 6.0                 7.0                11.0                 9.0

creat
  'All'                               10.0                10.0                 5.0                 6.0                 7.0                11.0                 9.0
  [total]                             10.0                10.0                 5.0                 6.0                 7.0                11.0                 9.0

initi
  'All'                               10.0                10.0                 5.0                 6.0                 7.0                11.0                 9.0
  [total]                             10.0                10.0                 5.0                 6.0                 7.0                11.0                 9.0

institut
  'All'                               10.0                10.0                 5.0                 6.0                 7.0                11.0                 9.0
  [total]                             10.0                10.0                 5.0                 6.0                 7.0                11.0                 9.0

labori
  'All'                               10.0                10.0                 5.0                 6.0                 7.0                11.0                 9.0
  [total]                             10.0                10.0                 5.0                 6.0                 7.0                11.0                 9.0

maintain
  'All'                               10.0                10.0                 5.0                 6.0                 7.0                11.0                 9.0
  [total]                             10.0                10.0                 5.0                 6.0                 7.0                11.0                 9.0

polici
  'All'                               10.0                10.0                 5.0                 6.0                 7.0                11.0                 9.0
  [total]                             10.0                10.0                 5.0                 6.0                 7.0                11.0                 9.0

problem
  'All'                               10.0                10.0                 5.0                 6.0                 7.0                11.0                 9.0
  [total]                             10.0                10.0                 5.0                 6.0                 7.0                11.0                 9.0

requir
  'All'                               10.0                10.0                 5.0                 6.0                 7.0                11.0                 9.0
  [total]                             10.0                10.0                 5.0                 6.0                 7.0                11.0                 9.0

secur
  'All'                               10.0                10.0                 5.0                 6.0                 7.0                11.0                 9.0
  [total]                             10.0                10.0                 5.0                 6.0                 7.0                11.0                 9.0

semi
  'All'                               10.0                10.0                 5.0                 6.0                 7.0                11.0                 9.0
  [total]                             10.0                10.0                 5.0                 6.0                 7.0                11.0                 9.0

servic
  'All'                               10.0                10.0                 5.0                 6.0                 7.0                11.0                 9.0
  [total]                             10.0                10.0                 5.0                 6.0                 7.0                11.0                 9.0

setup
  'All'                               10.0                10.0                 5.0                 6.0                 7.0                11.0                 9.0
  [total]                             10.0                10.0                 5.0                 6.0                 7.0                11.0                 9.0

tool
  '(-inf-0.563616]'                   10.0                10.0                 5.0                 6.0                 6.0                11.0                 3.0
  '(0.563616-inf)'                     1.0                 1.0                 1.0                 1.0                 2.0                 1.0                 7.0
  [total]                             11.0                11.0                 6.0                 7.0                 8.0                12.0                10.0

virtual
  'All'                               10.0                10.0                 5.0                 6.0                 7.0                11.0                 9.0
  [total]                             10.0                10.0                 5.0                 6.0                 7.0                11.0                 9.0

workflow
  'All'                               10.0                10.0                 5.0                 6.0                 7.0                11.0                 9.0
  [total]                             10.0                10.0                 5.0                 6.0                 7.0                11.0                 9.0

academia
  'All'                               10.0                10.0                 5.0                 6.0                 7.0                11.0                 9.0
  [total]                             10.0                10.0                 5.0                 6.0                 7.0                11.0                 9.0

acceler
  'All'                               10.0                10.0                 5.0                 6.0                 7.0                11.0                 9.0
  [total]                             10.0                10.0                 5.0                 6.0                 7.0                11.0                 9.0

assist
  'All'                               10.0                10.0                 5.0                 6.0                 7.0                11.0                 9.0
  [total]                             10.0                10.0                 5.0                 6.0                 7.0                11.0                 9.0

attitud
  'All'                               10.0                10.0                 5.0                 6.0                 7.0                11.0                 9.0
  [total]                             10.0                10.0                 5.0                 6.0                 7.0                11.0                 9.0

bore
  'All'                               10.0                10.0                 5.0                 6.0                 7.0                11.0                 9.0
  [total]                             10.0                10.0                 5.0                 6.0                 7.0                11.0                 9.0

bridg
  'All'                               10.0                10.0                 5.0                 6.0                 7.0                11.0                 9.0
  [total]                             10.0                10.0                 5.0                 6.0                 7.0                11.0                 9.0

clear
  'All'                               10.0                10.0                 5.0                 6.0                 7.0                11.0                 9.0
  [total]                             10.0                10.0                 5.0                 6.0                 7.0                11.0                 9.0

control
  'All'                               10.0                10.0                 5.0                 6.0                 7.0                11.0                 9.0
  [total]                             10.0                10.0                 5.0                 6.0                 7.0                11.0                 9.0

crucial
  'All'                               10.0                10.0                 5.0                 6.0                 7.0                11.0                 9.0
  [total]                             10.0                10.0                 5.0                 6.0                 7.0                11.0                 9.0

depth
  'All'                               10.0                10.0                 5.0                 6.0                 7.0                11.0                 9.0
  [total]                             10.0                10.0                 5.0                 6.0                 7.0                11.0                 9.0

differ
  'All'                               10.0                10.0                 5.0                 6.0                 7.0                11.0                 9.0
  [total]                             10.0                10.0                 5.0                 6.0                 7.0                11.0                 9.0

diversifi
  'All'                               10.0                10.0                 5.0                 6.0                 7.0                11.0                 9.0
  [total]                             10.0                10.0                 5.0                 6.0                 7.0                11.0                 9.0

exampl
  'All'                               10.0                10.0                 5.0                 6.0                 7.0                11.0                 9.0
  [total]                             10.0                10.0                 5.0                 6.0                 7.0                11.0                 9.0

expect
  'All'                               10.0                10.0                 5.0                 6.0                 7.0                11.0                 9.0
  [total]                             10.0                10.0                 5.0                 6.0                 7.0                11.0                 9.0

fair
  'All'                               10.0                10.0                 5.0                 6.0                 7.0                11.0                 9.0
  [total]                             10.0                10.0                 5.0                 6.0                 7.0                11.0                 9.0

feedback
  'All'                               10.0                10.0                 5.0                 6.0                 7.0                11.0                 9.0
  [total]                             10.0                10.0                 5.0                 6.0                 7.0                11.0                 9.0

fix
  'All'                               10.0                10.0                 5.0                 6.0                 7.0                11.0                 9.0
  [total]                             10.0                10.0                 5.0                 6.0                 7.0                11.0                 9.0

handl
  'All'                               10.0                10.0                 5.0                 6.0                 7.0                11.0                 9.0
  [total]                             10.0                10.0                 5.0                 6.0                 7.0                11.0                 9.0

industri
  'All'                               10.0                10.0                 5.0                 6.0                 7.0                11.0                 9.0
  [total]                             10.0                10.0                 5.0                 6.0                 7.0                11.0                 9.0

learner
  'All'                               10.0                10.0                 5.0                 6.0                 7.0                11.0                 9.0
  [total]                             10.0                10.0                 5.0                 6.0                 7.0                11.0                 9.0

lectur
  'All'                               10.0                10.0                 5.0                 6.0                 7.0                11.0                 9.0
  [total]                             10.0                10.0                 5.0                 6.0                 7.0                11.0                 9.0

mode
  'All'                               10.0                10.0                 5.0                 6.0                 7.0                11.0                 9.0
  [total]                             10.0                10.0                 5.0                 6.0                 7.0                11.0                 9.0

motiv
  'All'                               10.0                10.0                 5.0                 6.0                 7.0                11.0                 9.0
  [total]                             10.0                10.0                 5.0                 6.0                 7.0                11.0                 9.0

necessari
  'All'                               10.0                10.0                 5.0                 6.0                 7.0                11.0                 9.0
  [total]                             10.0                10.0                 5.0                 6.0                 7.0                11.0                 9.0

pace
  'All'                               10.0                10.0                 5.0                 6.0                 7.0                11.0                 9.0
  [total]                             10.0                10.0                 5.0                 6.0                 7.0                11.0                 9.0

progress
  'All'                               10.0                10.0                 5.0                 6.0                 7.0                11.0                 9.0
  [total]                             10.0                10.0                 5.0                 6.0                 7.0                11.0                 9.0

project
  'All'                               10.0                10.0                 5.0                 6.0                 7.0                11.0                 9.0
  [total]                             10.0                10.0                 5.0                 6.0                 7.0                11.0                 9.0

provid
  'All'                               10.0                10.0                 5.0                 6.0                 7.0                11.0                 9.0
  [total]                             10.0                10.0                 5.0                 6.0                 7.0                11.0                 9.0

real
  'All'                               10.0                10.0                 5.0                 6.0                 7.0                11.0                 9.0
  [total]                             10.0                10.0                 5.0                 6.0                 7.0                11.0                 9.0

resourc
  'All'                               10.0                10.0                 5.0                 6.0                 7.0                11.0                 9.0
  [total]                             10.0                10.0                 5.0                 6.0                 7.0                11.0                 9.0

scratch
  'All'                               10.0                10.0                 5.0                 6.0                 7.0                11.0                 9.0
  [total]                             10.0                10.0                 5.0                 6.0                 7.0                11.0                 9.0

set
  'All'                               10.0                10.0                 5.0                 6.0                 7.0                11.0                 9.0
  [total]                             10.0                10.0                 5.0                 6.0                 7.0                11.0                 9.0

state
  'All'                               10.0                10.0                 5.0                 6.0                 7.0                11.0                 9.0
  [total]                             10.0                10.0                 5.0                 6.0                 7.0                11.0                 9.0

subject
  'All'                               10.0                10.0                 5.0                 6.0                 7.0                11.0                 9.0
  [total]                             10.0                10.0                 5.0                 6.0                 7.0                11.0                 9.0

success
  'All'                               10.0                10.0                 5.0                 6.0                 7.0                11.0                 9.0
  [total]                             10.0                10.0                 5.0                 6.0                 7.0                11.0                 9.0

taught
  'All'                               10.0                10.0                 5.0                 6.0                 7.0                11.0                 9.0
  [total]                             10.0                10.0                 5.0                 6.0                 7.0                11.0                 9.0

theoret
  'All'                               10.0                10.0                 5.0                 6.0                 7.0                11.0                 9.0
  [total]                             10.0                10.0                 5.0                 6.0                 7.0                11.0                 9.0

toy
  'All'                               10.0                10.0                 5.0                 6.0                 7.0                11.0                 9.0
  [total]                             10.0                10.0                 5.0                 6.0                 7.0                11.0                 9.0

unbal
  'All'                               10.0                10.0                 5.0                 6.0                 7.0                11.0                 9.0
  [total]                             10.0                10.0                 5.0                 6.0                 7.0                11.0                 9.0

understand
  'All'                               10.0                10.0                 5.0                 6.0                 7.0                11.0                 9.0
  [total]                             10.0                10.0                 5.0                 6.0                 7.0                11.0                 9.0

veri
  'All'                               10.0                10.0                 5.0                 6.0                 7.0                11.0                 9.0
  [total]                             10.0                10.0                 5.0                 6.0                 7.0                11.0                 9.0

analysi
  'All'                               10.0                10.0                 5.0                 6.0                 7.0                11.0                 9.0
  [total]                             10.0                10.0                 5.0                 6.0                 7.0                11.0                 9.0

art
  'All'                               10.0                10.0                 5.0                 6.0                 7.0                11.0                 9.0
  [total]                             10.0                10.0                 5.0                 6.0                 7.0                11.0                 9.0

avoid
  'All'                               10.0                10.0                 5.0                 6.0                 7.0                11.0                 9.0
  [total]                             10.0                10.0                 5.0                 6.0                 7.0                11.0                 9.0

comput
  'All'                               10.0                10.0                 5.0                 6.0                 7.0                11.0                 9.0
  [total]                             10.0                10.0                 5.0                 6.0                 7.0                11.0                 9.0

consum
  'All'                               10.0                10.0                 5.0                 6.0                 7.0                11.0                 9.0
  [total]                             10.0                10.0                 5.0                 6.0                 7.0                11.0                 9.0

curv
  'All'                               10.0                10.0                 5.0                 6.0                 7.0                11.0                 9.0
  [total]                             10.0                10.0                 5.0                 6.0                 7.0                11.0                 9.0

detect
  'All'                               10.0                10.0                 5.0                 6.0                 7.0                11.0                 9.0
  [total]                             10.0                10.0                 5.0                 6.0                 7.0                11.0                 9.0

doe
  'All'                               10.0                10.0                 5.0                 6.0                 7.0                11.0                 9.0
  [total]                             10.0                10.0                 5.0                 6.0                 7.0                11.0                 9.0

failur
  'All'                               10.0                10.0                 5.0                 6.0                 7.0                11.0                 9.0
  [total]                             10.0                10.0                 5.0                 6.0                 7.0                11.0                 9.0

focus
  'All'                               10.0                10.0                 5.0                 6.0                 7.0                11.0                 9.0
  [total]                             10.0                10.0                 5.0                 6.0                 7.0                11.0                 9.0

git
  'All'                               10.0                10.0                 5.0                 6.0                 7.0                11.0                 9.0
  [total]                             10.0                10.0                 5.0                 6.0                 7.0                11.0                 9.0

induc
  'All'                               10.0                10.0                 5.0                 6.0                 7.0                11.0                 9.0
  [total]                             10.0                10.0                 5.0                 6.0                 7.0                11.0                 9.0

involv
  'All'                               10.0                10.0                 5.0                 6.0                 7.0                11.0                 9.0
  [total]                             10.0                10.0                 5.0                 6.0                 7.0                11.0                 9.0

issu
  'All'                               10.0                10.0                 5.0                 6.0                 7.0                11.0                 9.0
  [total]                             10.0                10.0                 5.0                 6.0                 7.0                11.0                 9.0

lead
  'All'                               10.0                10.0                 5.0                 6.0                 7.0                11.0                 9.0
  [total]                             10.0                10.0                 5.0                 6.0                 7.0                11.0                 9.0

mani
  'All'                               10.0                10.0                 5.0                 6.0                 7.0                11.0                 9.0
  [total]                             10.0                10.0                 5.0                 6.0                 7.0                11.0                 9.0

onli
  'All'                               10.0                10.0                 5.0                 6.0                 7.0                11.0                 9.0
  [total]                             10.0                10.0                 5.0                 6.0                 7.0                11.0                 9.0

overhead
  'All'                               10.0                10.0                 5.0                 6.0                 7.0                11.0                 9.0
  [total]                             10.0                10.0                 5.0                 6.0                 7.0                11.0                 9.0

power
  'All'                               10.0                10.0                 5.0                 6.0                 7.0                11.0                 9.0
  [total]                             10.0                10.0                 5.0                 6.0                 7.0                11.0                 9.0

specif
  'All'                               10.0                10.0                 5.0                 6.0                 7.0                11.0                 9.0
  [total]                             10.0                10.0                 5.0                 6.0                 7.0                11.0                 9.0

static
  'All'                               10.0                10.0                 5.0                 6.0                 7.0                11.0                 9.0
  [total]                             10.0                10.0                 5.0                 6.0                 7.0                11.0                 9.0

universitari
  'All'                               10.0                10.0                 5.0                 6.0                 7.0                11.0                 9.0
  [total]                             10.0                10.0                 5.0                 6.0                 7.0                11.0                 9.0



Time taken to build model: 0.01 seconds

=== Stratified cross-validation ===
=== Summary ===

Correctly Classified Instances           9               17.6471 %
Incorrectly Classified Instances        42               82.3529 %
Kappa statistic                         -0.0185
Mean absolute error                      0.24  
Root mean squared error                  0.3475
Relative absolute error                 98.7487 %
Root relative squared error             99.5136 %
Total Number of Instances               51     

=== Detailed Accuracy By Class ===

                 TP Rate  FP Rate  Precision  Recall   F-Measure  MCC      ROC Area  PRC Area  Class
                 0,000    0,071    0,000      0,000    0,000      -0,116   0,478     0,168     assessment
                 0,000    0,119    0,000      0,000    0,000      -0,153   0,520     0,186     classes preparation
                 0,000    0,000    ?          0,000    ?          ?        0,170     0,066     curriculum
                 0,000    0,000    ?          0,000    ?          ?        0,233     0,074     devops concepts
                 0,000    0,000    ?          0,000    ?          ?        0,215     0,087     environment setup
                 0,800    0,805    0,195      0,800    0,314      -0,005   0,516     0,196     pedagogy
                 0,125    0,023    0,500      0,125    0,200      0,191    0,613     0,240     tools
Weighted Avg.    0,176    0,195    ?          0,176    ?          ?        0,435     0,161     

=== Confusion Matrix ===

 a b c d e f g   <-- classified as
 0 1 0 0 0 8 0 | a = assessment
 1 0 0 0 0 8 0 | b = classes preparation
 0 0 0 0 0 4 0 | c = curriculum
 1 1 0 0 0 3 0 | d = devops concepts
 0 1 0 0 0 4 1 | e = environment setup
 1 1 0 0 0 8 0 | f = pedagogy
 0 1 0 0 0 6 1 | g = tools

