=== Run information ===

Scheme:       weka.classifiers.bayes.NaiveBayes -D
Relation:     challenges-weka.filters.unsupervised.attribute.StringToWordVector-R1-W1000-prune-rate-1.0-C-T-I-N1-L-stemmerweka.core.stemmers.SnowballStemmer -S english-stopwords-handlerweka.core.stopwords.WordsFromFile -stopwords /home/samuel/Desktop/TextMining-DevOpsEducation/englishStopWords.txt-M1-tokenizerweka.core.tokenizers.WordTokenizer -delimiters ".,;:’”()?!/ -_><&#"-weka.filters.unsupervised.attribute.Reorder-R2,3,4,5,6,7,8,9,10,11,12,13,14,15,16,17,18,19,20,21,22,23,24,25,26,27,28,29,30,31,32,33,34,35,36,37,38,39,40,41,42,43,44,45,46,47,48,49,50,51,52,53,54,55,56,57,58,59,60,61,62,63,64,65,66,67,68,69,70,71,72,73,74,75,76,77,78,79,80,81,82,83,84,85,86,87,88,89,90,91,92,93,94,95,96,97,98,99,100,101,102,103,104,105,106,107,108,109,110,111,112,113,114,115,116,117,118,119,120,121,122,123,124,125,126,127,128,129,130,131,132,133,134,135,136,137,138,139,140,141,142,143,144,145,146,147,148,149,150,151,152,153,154,155,156,157,158,159,160,161,162,163,164,165,166,167,168,169,170,171,172,173,174,175,176,177,178,179,180,181,182,183,184,185,186,187,188,189,190,191,192,193,194,195,196,197,198,199,200,201,202,203,204,205,206,207,208,209,210,211,212,213,214,215,216,217,218,219,220,221,222,223,224,225,226,227,228,229,230,231,232,233,234,235,236,237,238,239,1-weka.filters.unsupervised.instance.Resample-S1-Z80.0
Instances:    58
Attributes:   239
              [list of attributes omitted]
Test mode:    10-fold cross-validation

=== Classifier model (full training set) ===

Naive Bayes Classifier

                                    Class
Attribute                      assessment classes preparation          curriculum     devops concepts   environment setup            pedagogy               tools
                                   (0.17)              (0.17)              (0.09)              (0.09)              (0.12)               (0.2)              (0.15)
==================================================================================================================================================================
actual
  'All'                               11.0                11.0                 6.0                 6.0                 8.0                13.0                10.0
  [total]                             11.0                11.0                 6.0                 6.0                 8.0                13.0                10.0

agil
  'All'                               11.0                11.0                 6.0                 6.0                 8.0                13.0                10.0
  [total]                             11.0                11.0                 6.0                 6.0                 8.0                13.0                10.0

assess
  'All'                               11.0                11.0                 6.0                 6.0                 8.0                13.0                10.0
  [total]                             11.0                11.0                 6.0                 6.0                 8.0                13.0                10.0

autom
  'All'                               11.0                11.0                 6.0                 6.0                 8.0                13.0                10.0
  [total]                             11.0                11.0                 6.0                 6.0                 8.0                13.0                10.0

becaus
  'All'                               11.0                11.0                 6.0                 6.0                 8.0                13.0                10.0
  [total]                             11.0                11.0                 6.0                 6.0                 8.0                13.0                10.0

code
  'All'                               11.0                11.0                 6.0                 6.0                 8.0                13.0                10.0
  [total]                             11.0                11.0                 6.0                 6.0                 8.0                13.0                10.0

complex
  'All'                               11.0                11.0                 6.0                 6.0                 8.0                13.0                10.0
  [total]                             11.0                11.0                 6.0                 6.0                 8.0                13.0                10.0

consequ
  'All'                               11.0                11.0                 6.0                 6.0                 8.0                13.0                10.0
  [total]                             11.0                11.0                 6.0                 6.0                 8.0                13.0                10.0

cours
  'All'                               11.0                11.0                 6.0                 6.0                 8.0                13.0                10.0
  [total]                             11.0                11.0                 6.0                 6.0                 8.0                13.0                10.0

deadlin
  'All'                               11.0                11.0                 6.0                 6.0                 8.0                13.0                10.0
  [total]                             11.0                11.0                 6.0                 6.0                 8.0                13.0                10.0

devop
  'All'                               11.0                11.0                 6.0                 6.0                 8.0                13.0                10.0
  [total]                             11.0                11.0                 6.0                 6.0                 8.0                13.0                10.0

difficult
  'All'                               11.0                11.0                 6.0                 6.0                 8.0                13.0                10.0
  [total]                             11.0                11.0                 6.0                 6.0                 8.0                13.0                10.0

elabor
  'All'                               11.0                11.0                 6.0                 6.0                 8.0                13.0                10.0
  [total]                             11.0                11.0                 6.0                 6.0                 8.0                13.0                10.0

environ
  'All'                               11.0                11.0                 6.0                 6.0                 8.0                13.0                10.0
  [total]                             11.0                11.0                 6.0                 6.0                 8.0                13.0                10.0

error
  'All'                               11.0                11.0                 6.0                 6.0                 8.0                13.0                10.0
  [total]                             11.0                11.0                 6.0                 6.0                 8.0                13.0                10.0

evalu
  'All'                               11.0                11.0                 6.0                 6.0                 8.0                13.0                10.0
  [total]                             11.0                11.0                 6.0                 6.0                 8.0                13.0                10.0

execut
  'All'                               11.0                11.0                 6.0                 6.0                 8.0                13.0                10.0
  [total]                             11.0                11.0                 6.0                 6.0                 8.0                13.0                10.0

exercis
  'All'                               11.0                11.0                 6.0                 6.0                 8.0                13.0                10.0
  [total]                             11.0                11.0                 6.0                 6.0                 8.0                13.0                10.0

good
  'All'                               11.0                11.0                 6.0                 6.0                 8.0                13.0                10.0
  [total]                             11.0                11.0                 6.0                 6.0                 8.0                13.0                10.0

hard
  'All'                               11.0                11.0                 6.0                 6.0                 8.0                13.0                10.0
  [total]                             11.0                11.0                 6.0                 6.0                 8.0                13.0                10.0

increas
  'All'                               11.0                11.0                 6.0                 6.0                 8.0                13.0                10.0
  [total]                             11.0                11.0                 6.0                 6.0                 8.0                13.0                10.0

iter
  'All'                               11.0                11.0                 6.0                 6.0                 8.0                13.0                10.0
  [total]                             11.0                11.0                 6.0                 6.0                 8.0                13.0                10.0

knowledg
  'All'                               11.0                11.0                 6.0                 6.0                 8.0                13.0                10.0
  [total]                             11.0                11.0                 6.0                 6.0                 8.0                13.0                10.0

late
  'All'                               11.0                11.0                 6.0                 6.0                 8.0                13.0                10.0
  [total]                             11.0                11.0                 6.0                 6.0                 8.0                13.0                10.0

meant
  'All'                               11.0                11.0                 6.0                 6.0                 8.0                13.0                10.0
  [total]                             11.0                11.0                 6.0                 6.0                 8.0                13.0                10.0

mindset
  'All'                               11.0                11.0                 6.0                 6.0                 8.0                13.0                10.0
  [total]                             11.0                11.0                 6.0                 6.0                 8.0                13.0                10.0

previous
  'All'                               11.0                11.0                 6.0                 6.0                 8.0                13.0                10.0
  [total]                             11.0                11.0                 6.0                 6.0                 8.0                13.0                10.0

program
  'All'                               11.0                11.0                 6.0                 6.0                 8.0                13.0                10.0
  [total]                             11.0                11.0                 6.0                 6.0                 8.0                13.0                10.0

queue
  'All'                               11.0                11.0                 6.0                 6.0                 8.0                13.0                10.0
  [total]                             11.0                11.0                 6.0                 6.0                 8.0                13.0                10.0

quit
  'All'                               11.0                11.0                 6.0                 6.0                 8.0                13.0                10.0
  [total]                             11.0                11.0                 6.0                 6.0                 8.0                13.0                10.0

realist
  'All'                               11.0                11.0                 6.0                 6.0                 8.0                13.0                10.0
  [total]                             11.0                11.0                 6.0                 6.0                 8.0                13.0                10.0

review
  'All'                               11.0                11.0                 6.0                 6.0                 8.0                13.0                10.0
  [total]                             11.0                11.0                 6.0                 6.0                 8.0                13.0                10.0

sloppi
  'All'                               11.0                11.0                 6.0                 6.0                 8.0                13.0                10.0
  [total]                             11.0                11.0                 6.0                 6.0                 8.0                13.0                10.0

solut
  'All'                               11.0                11.0                 6.0                 6.0                 8.0                13.0                10.0
  [total]                             11.0                11.0                 6.0                 6.0                 8.0                13.0                10.0

strategi
  'All'                               11.0                11.0                 6.0                 6.0                 8.0                13.0                10.0
  [total]                             11.0                11.0                 6.0                 6.0                 8.0                13.0                10.0

student
  'All'                               11.0                11.0                 6.0                 6.0                 8.0                13.0                10.0
  [total]                             11.0                11.0                 6.0                 6.0                 8.0                13.0                10.0

submiss
  'All'                               11.0                11.0                 6.0                 6.0                 8.0                13.0                10.0
  [total]                             11.0                11.0                 6.0                 6.0                 8.0                13.0                10.0

system
  'All'                               11.0                11.0                 6.0                 6.0                 8.0                13.0                10.0
  [total]                             11.0                11.0                 6.0                 6.0                 8.0                13.0                10.0

teach
  'All'                               11.0                11.0                 6.0                 6.0                 8.0                13.0                10.0
  [total]                             11.0                11.0                 6.0                 6.0                 8.0                13.0                10.0

teacher
  'All'                               11.0                11.0                 6.0                 6.0                 8.0                13.0                10.0
  [total]                             11.0                11.0                 6.0                 6.0                 8.0                13.0                10.0

time
  'All'                               11.0                11.0                 6.0                 6.0                 8.0                13.0                10.0
  [total]                             11.0                11.0                 6.0                 6.0                 8.0                13.0                10.0

trivial
  'All'                               11.0                11.0                 6.0                 6.0                 8.0                13.0                10.0
  [total]                             11.0                11.0                 6.0                 6.0                 8.0                13.0                10.0

unfortun
  'All'                               11.0                11.0                 6.0                 6.0                 8.0                13.0                10.0
  [total]                             11.0                11.0                 6.0                 6.0                 8.0                13.0                10.0

unrel
  'All'                               11.0                11.0                 6.0                 6.0                 8.0                13.0                10.0
  [total]                             11.0                11.0                 6.0                 6.0                 8.0                13.0                10.0

wast
  'All'                               11.0                11.0                 6.0                 6.0                 8.0                13.0                10.0
  [total]                             11.0                11.0                 6.0                 6.0                 8.0                13.0                10.0

work
  'All'                               11.0                11.0                 6.0                 6.0                 8.0                13.0                10.0
  [total]                             11.0                11.0                 6.0                 6.0                 8.0                13.0                10.0

workload
  'All'                               11.0                11.0                 6.0                 6.0                 8.0                13.0                10.0
  [total]                             11.0                11.0                 6.0                 6.0                 8.0                13.0                10.0

‘no
  'All'                               11.0                11.0                 6.0                 6.0                 8.0                13.0                10.0
  [total]                             11.0                11.0                 6.0                 6.0                 8.0                13.0                10.0

‘unlimit
  'All'                               11.0                11.0                 6.0                 6.0                 8.0                13.0                10.0
  [total]                             11.0                11.0                 6.0                 6.0                 8.0                13.0                10.0

alway
  'All'                               11.0                11.0                 6.0                 6.0                 8.0                13.0                10.0
  [total]                             11.0                11.0                 6.0                 6.0                 8.0                13.0                10.0

ambigu
  'All'                               11.0                11.0                 6.0                 6.0                 8.0                13.0                10.0
  [total]                             11.0                11.0                 6.0                 6.0                 8.0                13.0                10.0

amount
  'All'                               11.0                11.0                 6.0                 6.0                 8.0                13.0                10.0
  [total]                             11.0                11.0                 6.0                 6.0                 8.0                13.0                10.0

bilater
  'All'                               11.0                11.0                 6.0                 6.0                 8.0                13.0                10.0
  [total]                             11.0                11.0                 6.0                 6.0                 8.0                13.0                10.0

bodi
  'All'                               11.0                11.0                 6.0                 6.0                 8.0                13.0                10.0
  [total]                             11.0                11.0                 6.0                 6.0                 8.0                13.0                10.0

collect
  'All'                               11.0                11.0                 6.0                 6.0                 8.0                13.0                10.0
  [total]                             11.0                11.0                 6.0                 6.0                 8.0                13.0                10.0

communic
  'All'                               11.0                11.0                 6.0                 6.0                 8.0                13.0                10.0
  [total]                             11.0                11.0                 6.0                 6.0                 8.0                13.0                10.0

conduct
  'All'                               11.0                11.0                 6.0                 6.0                 8.0                13.0                10.0
  [total]                             11.0                11.0                 6.0                 6.0                 8.0                13.0                10.0

conscious
  'All'                               11.0                11.0                 6.0                 6.0                 8.0                13.0                10.0
  [total]                             11.0                11.0                 6.0                 6.0                 8.0                13.0                10.0

corpor
  'All'                               11.0                11.0                 6.0                 6.0                 8.0                13.0                10.0
  [total]                             11.0                11.0                 6.0                 6.0                 8.0                13.0                10.0

educ
  'All'                               11.0                11.0                 6.0                 6.0                 8.0                13.0                10.0
  [total]                             11.0                11.0                 6.0                 6.0                 8.0                13.0                10.0

effect
  'All'                               11.0                11.0                 6.0                 6.0                 8.0                13.0                10.0
  [total]                             11.0                11.0                 6.0                 6.0                 8.0                13.0                10.0

engin
  'All'                               11.0                11.0                 6.0                 6.0                 8.0                13.0                10.0
  [total]                             11.0                11.0                 6.0                 6.0                 8.0                13.0                10.0

engineerigin
  'All'                               11.0                11.0                 6.0                 6.0                 8.0                13.0                10.0
  [total]                             11.0                11.0                 6.0                 6.0                 8.0                13.0                10.0

facilit
  'All'                               11.0                11.0                 6.0                 6.0                 8.0                13.0                10.0
  [total]                             11.0                11.0                 6.0                 6.0                 8.0                13.0                10.0

generic
  'All'                               11.0                11.0                 6.0                 6.0                 8.0                13.0                10.0
  [total]                             11.0                11.0                 6.0                 6.0                 8.0                13.0                10.0

incorpor
  'All'                               11.0                11.0                 6.0                 6.0                 8.0                13.0                10.0
  [total]                             11.0                11.0                 6.0                 6.0                 8.0                13.0                10.0

inform
  'All'                               11.0                11.0                 6.0                 6.0                 8.0                13.0                10.0
  [total]                             11.0                11.0                 6.0                 6.0                 8.0                13.0                10.0

invest
  'All'                               11.0                11.0                 6.0                 6.0                 8.0                13.0                10.0
  [total]                             11.0                11.0                 6.0                 6.0                 8.0                13.0                10.0

lack
  'All'                               11.0                11.0                 6.0                 6.0                 8.0                13.0                10.0
  [total]                             11.0                11.0                 6.0                 6.0                 8.0                13.0                10.0

limit
  'All'                               11.0                11.0                 6.0                 6.0                 8.0                13.0                10.0
  [total]                             11.0                11.0                 6.0                 6.0                 8.0                13.0                10.0

littl
  'All'                               11.0                11.0                 6.0                 6.0                 8.0                13.0                10.0
  [total]                             11.0                11.0                 6.0                 6.0                 8.0                13.0                10.0

neglig
  'All'                               11.0                11.0                 6.0                 6.0                 8.0                13.0                10.0
  [total]                             11.0                11.0                 6.0                 6.0                 8.0                13.0                10.0

part
  'All'                               11.0                11.0                 6.0                 6.0                 8.0                13.0                10.0
  [total]                             11.0                11.0                 6.0                 6.0                 8.0                13.0                10.0

plan
  'All'                               11.0                11.0                 6.0                 6.0                 8.0                13.0                10.0
  [total]                             11.0                11.0                 6.0                 6.0                 8.0                13.0                10.0

possibl
  'All'                               11.0                11.0                 6.0                 6.0                 8.0                13.0                10.0
  [total]                             11.0                11.0                 6.0                 6.0                 8.0                13.0                10.0

pratic
  'All'                               11.0                11.0                 6.0                 6.0                 8.0                13.0                10.0
  [total]                             11.0                11.0                 6.0                 6.0                 8.0                13.0                10.0

prepar
  'All'                               11.0                11.0                 6.0                 6.0                 8.0                13.0                10.0
  [total]                             11.0                11.0                 6.0                 6.0                 8.0                13.0                10.0

privaci
  'All'                               11.0                11.0                 6.0                 6.0                 8.0                13.0                10.0
  [total]                             11.0                11.0                 6.0                 6.0                 8.0                13.0                10.0

proper
  'All'                               11.0                11.0                 6.0                 6.0                 8.0                13.0                10.0
  [total]                             11.0                11.0                 6.0                 6.0                 8.0                13.0                10.0

questionnair
  'All'                               11.0                11.0                 6.0                 6.0                 8.0                13.0                10.0
  [total]                             11.0                11.0                 6.0                 6.0                 8.0                13.0                10.0

research
  'All'                               11.0                11.0                 6.0                 6.0                 8.0                13.0                10.0
  [total]                             11.0                11.0                 6.0                 6.0                 8.0                13.0                10.0

site
  'All'                               11.0                11.0                 6.0                 6.0                 8.0                13.0                10.0
  [total]                             11.0                11.0                 6.0                 6.0                 8.0                13.0                10.0

softwar
  'All'                               11.0                11.0                 6.0                 6.0                 8.0                13.0                10.0
  [total]                             11.0                11.0                 6.0                 6.0                 8.0                13.0                10.0

sound
  'All'                               11.0                11.0                 6.0                 6.0                 8.0                13.0                10.0
  [total]                             11.0                11.0                 6.0                 6.0                 8.0                13.0                10.0

spend
  'All'                               11.0                11.0                 6.0                 6.0                 8.0                13.0                10.0
  [total]                             11.0                11.0                 6.0                 6.0                 8.0                13.0                10.0

staff
  'All'                               11.0                11.0                 6.0                 6.0                 8.0                13.0                10.0
  [total]                             11.0                11.0                 6.0                 6.0                 8.0                13.0                10.0

standard
  'All'                               11.0                11.0                 6.0                 6.0                 8.0                13.0                10.0
  [total]                             11.0                11.0                 6.0                 6.0                 8.0                13.0                10.0

team
  'All'                               11.0                11.0                 6.0                 6.0                 8.0                13.0                10.0
  [total]                             11.0                11.0                 6.0                 6.0                 8.0                13.0                10.0

technolog
  'All'                               11.0                11.0                 6.0                 6.0                 8.0                13.0                10.0
  [total]                             11.0                11.0                 6.0                 6.0                 8.0                13.0                10.0

theori
  'All'                               11.0                11.0                 6.0                 6.0                 8.0                13.0                10.0
  [total]                             11.0                11.0                 6.0                 6.0                 8.0                13.0                10.0

tradit
  'All'                               11.0                11.0                 6.0                 6.0                 8.0                13.0                10.0
  [total]                             11.0                11.0                 6.0                 6.0                 8.0                13.0                10.0

unabl
  'All'                               11.0                11.0                 6.0                 6.0                 8.0                13.0                10.0
  [total]                             11.0                11.0                 6.0                 6.0                 8.0                13.0                10.0

125
  'All'                               11.0                11.0                 6.0                 6.0                 8.0                13.0                10.0
  [total]                             11.0                11.0                 6.0                 6.0                 8.0                13.0                10.0

attent
  'All'                               11.0                11.0                 6.0                 6.0                 8.0                13.0                10.0
  [total]                             11.0                11.0                 6.0                 6.0                 8.0                13.0                10.0

avail
  'All'                               11.0                11.0                 6.0                 6.0                 8.0                13.0                10.0
  [total]                             11.0                11.0                 6.0                 6.0                 8.0                13.0                10.0

boundari
  'All'                               11.0                11.0                 6.0                 6.0                 8.0                13.0                10.0
  [total]                             11.0                11.0                 6.0                 6.0                 8.0                13.0                10.0

cd
  'All'                               11.0                11.0                 6.0                 6.0                 8.0                13.0                10.0
  [total]                             11.0                11.0                 6.0                 6.0                 8.0                13.0                10.0

ci
  'All'                               11.0                11.0                 6.0                 6.0                 8.0                13.0                10.0
  [total]                             11.0                11.0                 6.0                 6.0                 8.0                13.0                10.0

concept
  'All'                               11.0                11.0                 6.0                 6.0                 8.0                13.0                10.0
  [total]                             11.0                11.0                 6.0                 6.0                 8.0                13.0                10.0

consid
  'All'                               11.0                11.0                 6.0                 6.0                 8.0                13.0                10.0
  [total]                             11.0                11.0                 6.0                 6.0                 8.0                13.0                10.0

crosscut
  'All'                               11.0                11.0                 6.0                 6.0                 8.0                13.0                10.0
  [total]                             11.0                11.0                 6.0                 6.0                 8.0                13.0                10.0

curricula
  'All'                               11.0                11.0                 6.0                 6.0                 8.0                13.0                10.0
  [total]                             11.0                11.0                 6.0                 6.0                 8.0                13.0                10.0

devot
  'All'                               11.0                11.0                 6.0                 6.0                 8.0                13.0                10.0
  [total]                             11.0                11.0                 6.0                 6.0                 8.0                13.0                10.0

ect
  'All'                               11.0                11.0                 6.0                 6.0                 8.0                13.0                10.0
  [total]                             11.0                11.0                 6.0                 6.0                 8.0                13.0                10.0

effort
  'All'                               11.0                11.0                 6.0                 6.0                 8.0                13.0                10.0
  [total]                             11.0                11.0                 6.0                 6.0                 8.0                13.0                10.0

fine
  'All'                               11.0                11.0                 6.0                 6.0                 8.0                13.0                10.0
  [total]                             11.0                11.0                 6.0                 6.0                 8.0                13.0                10.0

frame
  'All'                               11.0                11.0                 6.0                 6.0                 8.0                13.0                10.0
  [total]                             11.0                11.0                 6.0                 6.0                 8.0                13.0                10.0

high
  'All'                               11.0                11.0                 6.0                 6.0                 8.0                13.0                10.0
  [total]                             11.0                11.0                 6.0                 6.0                 8.0                13.0                10.0

higher
  'All'                               11.0                11.0                 6.0                 6.0                 8.0                13.0                10.0
  [total]                             11.0                11.0                 6.0                 6.0                 8.0                13.0                10.0

hour
  'All'                               11.0                11.0                 6.0                 6.0                 8.0                13.0                10.0
  [total]                             11.0                11.0                 6.0                 6.0                 8.0                13.0                10.0

insuffici
  'All'                               11.0                11.0                 6.0                 6.0                 8.0                13.0                10.0
  [total]                             11.0                11.0                 6.0                 6.0                 8.0                13.0                10.0

minor
  'All'                               11.0                11.0                 6.0                 6.0                 8.0                13.0                10.0
  [total]                             11.0                11.0                 6.0                 6.0                 8.0                13.0                10.0

multidisciplinari
  'All'                               11.0                11.0                 6.0                 6.0                 8.0                13.0                10.0
  [total]                             11.0                11.0                 6.0                 6.0                 8.0                13.0                10.0

outdat
  'All'                               11.0                11.0                 6.0                 6.0                 8.0                13.0                10.0
  [total]                             11.0                11.0                 6.0                 6.0                 8.0                13.0                10.0

prerequisit
  'All'                               11.0                11.0                 6.0                 6.0                 8.0                13.0                10.0
  [total]                             11.0                11.0                 6.0                 6.0                 8.0                13.0                10.0

receiv
  'All'                               11.0                11.0                 6.0                 6.0                 8.0                13.0                10.0
  [total]                             11.0                11.0                 6.0                 6.0                 8.0                13.0                10.0

shot
  'All'                               11.0                11.0                 6.0                 6.0                 8.0                13.0                10.0
  [total]                             11.0                11.0                 6.0                 6.0                 8.0                13.0                10.0

therefor
  'All'                               11.0                11.0                 6.0                 6.0                 8.0                13.0                10.0
  [total]                             11.0                11.0                 6.0                 6.0                 8.0                13.0                10.0

tune
  'All'                               11.0                11.0                 6.0                 6.0                 8.0                13.0                10.0
  [total]                             11.0                11.0                 6.0                 6.0                 8.0                13.0                10.0

week
  'All'                               11.0                11.0                 6.0                 6.0                 8.0                13.0                10.0
  [total]                             11.0                11.0                 6.0                 6.0                 8.0                13.0                10.0

“dev
  'All'                               11.0                11.0                 6.0                 6.0                 8.0                13.0                10.0
  [total]                             11.0                11.0                 6.0                 6.0                 8.0                13.0                10.0

“op
  'All'                               11.0                11.0                 6.0                 6.0                 8.0                13.0                10.0
  [total]                             11.0                11.0                 6.0                 6.0                 8.0                13.0                10.0

activ
  'All'                               11.0                11.0                 6.0                 6.0                 8.0                13.0                10.0
  [total]                             11.0                11.0                 6.0                 6.0                 8.0                13.0                10.0

approach
  'All'                               11.0                11.0                 6.0                 6.0                 8.0                13.0                10.0
  [total]                             11.0                11.0                 6.0                 6.0                 8.0                13.0                10.0

challeng
  'All'                               11.0                11.0                 6.0                 6.0                 8.0                13.0                10.0
  [total]                             11.0                11.0                 6.0                 6.0                 8.0                13.0                10.0

concentr
  'All'                               11.0                11.0                 6.0                 6.0                 8.0                13.0                10.0
  [total]                             11.0                11.0                 6.0                 6.0                 8.0                13.0                10.0

cultur
  'All'                               11.0                11.0                 6.0                 6.0                 8.0                13.0                10.0
  [total]                             11.0                11.0                 6.0                 6.0                 8.0                13.0                10.0

dev
  'All'                               11.0                11.0                 6.0                 6.0                 8.0                13.0                10.0
  [total]                             11.0                11.0                 6.0                 6.0                 8.0                13.0                10.0

develop
  'All'                               11.0                11.0                 6.0                 6.0                 8.0                13.0                10.0
  [total]                             11.0                11.0                 6.0                 6.0                 8.0                13.0                10.0

difficulti
  'All'                               11.0                11.0                 6.0                 6.0                 8.0                13.0                10.0
  [total]                             11.0                11.0                 6.0                 6.0                 8.0                13.0                10.0

emphas
  'All'                               11.0                11.0                 6.0                 6.0                 8.0                13.0                10.0
  [total]                             11.0                11.0                 6.0                 6.0                 8.0                13.0                10.0

explain
  'All'                               11.0                11.0                 6.0                 6.0                 8.0                13.0                10.0
  [total]                             11.0                11.0                 6.0                 6.0                 8.0                13.0                10.0

explor
  'All'                               11.0                11.0                 6.0                 6.0                 8.0                13.0                10.0
  [total]                             11.0                11.0                 6.0                 6.0                 8.0                13.0                10.0

feasibl
  'All'                               11.0                11.0                 6.0                 6.0                 8.0                13.0                10.0
  [total]                             11.0                11.0                 6.0                 6.0                 8.0                13.0                10.0

find
  'All'                               11.0                11.0                 6.0                 6.0                 8.0                13.0                10.0
  [total]                             11.0                11.0                 6.0                 6.0                 8.0                13.0                10.0

fundament
  'All'                               11.0                11.0                 6.0                 6.0                 8.0                13.0                10.0
  [total]                             11.0                11.0                 6.0                 6.0                 8.0                13.0                10.0

iac
  'All'                               11.0                11.0                 6.0                 6.0                 8.0                13.0                10.0
  [total]                             11.0                11.0                 6.0                 6.0                 8.0                13.0                10.0

learn
  'All'                               11.0                11.0                 6.0                 6.0                 8.0                13.0                10.0
  [total]                             11.0                11.0                 6.0                 6.0                 8.0                13.0                10.0

main
  'All'                               11.0                11.0                 6.0                 6.0                 8.0                13.0                10.0
  [total]                             11.0                11.0                 6.0                 6.0                 8.0                13.0                10.0

mutat
  'All'                               11.0                11.0                 6.0                 6.0                 8.0                13.0                10.0
  [total]                             11.0                11.0                 6.0                 6.0                 8.0                13.0                10.0

op
  'All'                               11.0                11.0                 6.0                 6.0                 8.0                13.0                10.0
  [total]                             11.0                11.0                 6.0                 6.0                 8.0                13.0                10.0

oper
  'All'                               11.0                11.0                 6.0                 6.0                 8.0                13.0                10.0
  [total]                             11.0                11.0                 6.0                 6.0                 8.0                13.0                10.0

opt
  'All'                               11.0                11.0                 6.0                 6.0                 8.0                13.0                10.0
  [total]                             11.0                11.0                 6.0                 6.0                 8.0                13.0                10.0

perceiv
  'All'                               11.0                11.0                 6.0                 6.0                 8.0                13.0                10.0
  [total]                             11.0                11.0                 6.0                 6.0                 8.0                13.0                10.0

pillar
  'All'                               11.0                11.0                 6.0                 6.0                 8.0                13.0                10.0
  [total]                             11.0                11.0                 6.0                 6.0                 8.0                13.0                10.0

pipelin
  'All'                               11.0                11.0                 6.0                 6.0                 8.0                13.0                10.0
  [total]                             11.0                11.0                 6.0                 6.0                 8.0                13.0                10.0

practic
  'All'                               11.0                11.0                 6.0                 6.0                 8.0                13.0                10.0
  [total]                             11.0                11.0                 6.0                 6.0                 8.0                13.0                10.0

principl
  'All'                               11.0                11.0                 6.0                 6.0                 8.0                13.0                10.0
  [total]                             11.0                11.0                 6.0                 6.0                 8.0                13.0                10.0

relat
  'All'                               11.0                11.0                 6.0                 6.0                 8.0                13.0                10.0
  [total]                             11.0                11.0                 6.0                 6.0                 8.0                13.0                10.0

stack
  'All'                               11.0                11.0                 6.0                 6.0                 8.0                13.0                10.0
  [total]                             11.0                11.0                 6.0                 6.0                 8.0                13.0                10.0

test
  'All'                               11.0                11.0                 6.0                 6.0                 8.0                13.0                10.0
  [total]                             11.0                11.0                 6.0                 6.0                 8.0                13.0                10.0

theoric
  'All'                               11.0                11.0                 6.0                 6.0                 8.0                13.0                10.0
  [total]                             11.0                11.0                 6.0                 6.0                 8.0                13.0                10.0

trade
  'All'                               11.0                11.0                 6.0                 6.0                 8.0                13.0                10.0
  [total]                             11.0                11.0                 6.0                 6.0                 8.0                13.0                10.0

underpin
  'All'                               11.0                11.0                 6.0                 6.0                 8.0                13.0                10.0
  [total]                             11.0                11.0                 6.0                 6.0                 8.0                13.0                10.0

univers
  'All'                               11.0                11.0                 6.0                 6.0                 8.0                13.0                10.0
  [total]                             11.0                11.0                 6.0                 6.0                 8.0                13.0                10.0

architectur
  'All'                               11.0                11.0                 6.0                 6.0                 8.0                13.0                10.0
  [total]                             11.0                11.0                 6.0                 6.0                 8.0                13.0                10.0

cloud
  'All'                               11.0                11.0                 6.0                 6.0                 8.0                13.0                10.0
  [total]                             11.0                11.0                 6.0                 6.0                 8.0                13.0                10.0

complic
  'All'                               11.0                11.0                 6.0                 6.0                 8.0                13.0                10.0
  [total]                             11.0                11.0                 6.0                 6.0                 8.0                13.0                10.0

contraint
  'All'                               11.0                11.0                 6.0                 6.0                 8.0                13.0                10.0
  [total]                             11.0                11.0                 6.0                 6.0                 8.0                13.0                10.0

cost
  'All'                               11.0                11.0                 6.0                 6.0                 8.0                13.0                10.0
  [total]                             11.0                11.0                 6.0                 6.0                 8.0                13.0                10.0

creat
  'All'                               11.0                11.0                 6.0                 6.0                 8.0                13.0                10.0
  [total]                             11.0                11.0                 6.0                 6.0                 8.0                13.0                10.0

initi
  'All'                               11.0                11.0                 6.0                 6.0                 8.0                13.0                10.0
  [total]                             11.0                11.0                 6.0                 6.0                 8.0                13.0                10.0

institut
  'All'                               11.0                11.0                 6.0                 6.0                 8.0                13.0                10.0
  [total]                             11.0                11.0                 6.0                 6.0                 8.0                13.0                10.0

labori
  'All'                               11.0                11.0                 6.0                 6.0                 8.0                13.0                10.0
  [total]                             11.0                11.0                 6.0                 6.0                 8.0                13.0                10.0

maintain
  'All'                               11.0                11.0                 6.0                 6.0                 8.0                13.0                10.0
  [total]                             11.0                11.0                 6.0                 6.0                 8.0                13.0                10.0

polici
  'All'                               11.0                11.0                 6.0                 6.0                 8.0                13.0                10.0
  [total]                             11.0                11.0                 6.0                 6.0                 8.0                13.0                10.0

problem
  'All'                               11.0                11.0                 6.0                 6.0                 8.0                13.0                10.0
  [total]                             11.0                11.0                 6.0                 6.0                 8.0                13.0                10.0

requir
  'All'                               11.0                11.0                 6.0                 6.0                 8.0                13.0                10.0
  [total]                             11.0                11.0                 6.0                 6.0                 8.0                13.0                10.0

secur
  'All'                               11.0                11.0                 6.0                 6.0                 8.0                13.0                10.0
  [total]                             11.0                11.0                 6.0                 6.0                 8.0                13.0                10.0

semi
  'All'                               11.0                11.0                 6.0                 6.0                 8.0                13.0                10.0
  [total]                             11.0                11.0                 6.0                 6.0                 8.0                13.0                10.0

servic
  'All'                               11.0                11.0                 6.0                 6.0                 8.0                13.0                10.0
  [total]                             11.0                11.0                 6.0                 6.0                 8.0                13.0                10.0

setup
  'All'                               11.0                11.0                 6.0                 6.0                 8.0                13.0                10.0
  [total]                             11.0                11.0                 6.0                 6.0                 8.0                13.0                10.0

tool
  '(-inf-0.563616]'                   11.0                11.0                 6.0                 6.0                 7.0                13.0                 3.0
  '(0.563616-inf)'                     1.0                 1.0                 1.0                 1.0                 2.0                 1.0                 8.0
  [total]                             12.0                12.0                 7.0                 7.0                 9.0                14.0                11.0

virtual
  'All'                               11.0                11.0                 6.0                 6.0                 8.0                13.0                10.0
  [total]                             11.0                11.0                 6.0                 6.0                 8.0                13.0                10.0

workflow
  'All'                               11.0                11.0                 6.0                 6.0                 8.0                13.0                10.0
  [total]                             11.0                11.0                 6.0                 6.0                 8.0                13.0                10.0

academia
  'All'                               11.0                11.0                 6.0                 6.0                 8.0                13.0                10.0
  [total]                             11.0                11.0                 6.0                 6.0                 8.0                13.0                10.0

acceler
  'All'                               11.0                11.0                 6.0                 6.0                 8.0                13.0                10.0
  [total]                             11.0                11.0                 6.0                 6.0                 8.0                13.0                10.0

assist
  'All'                               11.0                11.0                 6.0                 6.0                 8.0                13.0                10.0
  [total]                             11.0                11.0                 6.0                 6.0                 8.0                13.0                10.0

attitud
  'All'                               11.0                11.0                 6.0                 6.0                 8.0                13.0                10.0
  [total]                             11.0                11.0                 6.0                 6.0                 8.0                13.0                10.0

bore
  'All'                               11.0                11.0                 6.0                 6.0                 8.0                13.0                10.0
  [total]                             11.0                11.0                 6.0                 6.0                 8.0                13.0                10.0

bridg
  'All'                               11.0                11.0                 6.0                 6.0                 8.0                13.0                10.0
  [total]                             11.0                11.0                 6.0                 6.0                 8.0                13.0                10.0

clear
  'All'                               11.0                11.0                 6.0                 6.0                 8.0                13.0                10.0
  [total]                             11.0                11.0                 6.0                 6.0                 8.0                13.0                10.0

control
  'All'                               11.0                11.0                 6.0                 6.0                 8.0                13.0                10.0
  [total]                             11.0                11.0                 6.0                 6.0                 8.0                13.0                10.0

crucial
  'All'                               11.0                11.0                 6.0                 6.0                 8.0                13.0                10.0
  [total]                             11.0                11.0                 6.0                 6.0                 8.0                13.0                10.0

depth
  'All'                               11.0                11.0                 6.0                 6.0                 8.0                13.0                10.0
  [total]                             11.0                11.0                 6.0                 6.0                 8.0                13.0                10.0

differ
  'All'                               11.0                11.0                 6.0                 6.0                 8.0                13.0                10.0
  [total]                             11.0                11.0                 6.0                 6.0                 8.0                13.0                10.0

diversifi
  'All'                               11.0                11.0                 6.0                 6.0                 8.0                13.0                10.0
  [total]                             11.0                11.0                 6.0                 6.0                 8.0                13.0                10.0

exampl
  'All'                               11.0                11.0                 6.0                 6.0                 8.0                13.0                10.0
  [total]                             11.0                11.0                 6.0                 6.0                 8.0                13.0                10.0

expect
  'All'                               11.0                11.0                 6.0                 6.0                 8.0                13.0                10.0
  [total]                             11.0                11.0                 6.0                 6.0                 8.0                13.0                10.0

fair
  'All'                               11.0                11.0                 6.0                 6.0                 8.0                13.0                10.0
  [total]                             11.0                11.0                 6.0                 6.0                 8.0                13.0                10.0

feedback
  'All'                               11.0                11.0                 6.0                 6.0                 8.0                13.0                10.0
  [total]                             11.0                11.0                 6.0                 6.0                 8.0                13.0                10.0

fix
  'All'                               11.0                11.0                 6.0                 6.0                 8.0                13.0                10.0
  [total]                             11.0                11.0                 6.0                 6.0                 8.0                13.0                10.0

handl
  'All'                               11.0                11.0                 6.0                 6.0                 8.0                13.0                10.0
  [total]                             11.0                11.0                 6.0                 6.0                 8.0                13.0                10.0

industri
  'All'                               11.0                11.0                 6.0                 6.0                 8.0                13.0                10.0
  [total]                             11.0                11.0                 6.0                 6.0                 8.0                13.0                10.0

learner
  'All'                               11.0                11.0                 6.0                 6.0                 8.0                13.0                10.0
  [total]                             11.0                11.0                 6.0                 6.0                 8.0                13.0                10.0

lectur
  'All'                               11.0                11.0                 6.0                 6.0                 8.0                13.0                10.0
  [total]                             11.0                11.0                 6.0                 6.0                 8.0                13.0                10.0

mode
  'All'                               11.0                11.0                 6.0                 6.0                 8.0                13.0                10.0
  [total]                             11.0                11.0                 6.0                 6.0                 8.0                13.0                10.0

motiv
  'All'                               11.0                11.0                 6.0                 6.0                 8.0                13.0                10.0
  [total]                             11.0                11.0                 6.0                 6.0                 8.0                13.0                10.0

necessari
  'All'                               11.0                11.0                 6.0                 6.0                 8.0                13.0                10.0
  [total]                             11.0                11.0                 6.0                 6.0                 8.0                13.0                10.0

pace
  'All'                               11.0                11.0                 6.0                 6.0                 8.0                13.0                10.0
  [total]                             11.0                11.0                 6.0                 6.0                 8.0                13.0                10.0

progress
  'All'                               11.0                11.0                 6.0                 6.0                 8.0                13.0                10.0
  [total]                             11.0                11.0                 6.0                 6.0                 8.0                13.0                10.0

project
  'All'                               11.0                11.0                 6.0                 6.0                 8.0                13.0                10.0
  [total]                             11.0                11.0                 6.0                 6.0                 8.0                13.0                10.0

provid
  'All'                               11.0                11.0                 6.0                 6.0                 8.0                13.0                10.0
  [total]                             11.0                11.0                 6.0                 6.0                 8.0                13.0                10.0

real
  'All'                               11.0                11.0                 6.0                 6.0                 8.0                13.0                10.0
  [total]                             11.0                11.0                 6.0                 6.0                 8.0                13.0                10.0

resourc
  'All'                               11.0                11.0                 6.0                 6.0                 8.0                13.0                10.0
  [total]                             11.0                11.0                 6.0                 6.0                 8.0                13.0                10.0

scratch
  'All'                               11.0                11.0                 6.0                 6.0                 8.0                13.0                10.0
  [total]                             11.0                11.0                 6.0                 6.0                 8.0                13.0                10.0

set
  'All'                               11.0                11.0                 6.0                 6.0                 8.0                13.0                10.0
  [total]                             11.0                11.0                 6.0                 6.0                 8.0                13.0                10.0

state
  'All'                               11.0                11.0                 6.0                 6.0                 8.0                13.0                10.0
  [total]                             11.0                11.0                 6.0                 6.0                 8.0                13.0                10.0

subject
  'All'                               11.0                11.0                 6.0                 6.0                 8.0                13.0                10.0
  [total]                             11.0                11.0                 6.0                 6.0                 8.0                13.0                10.0

success
  'All'                               11.0                11.0                 6.0                 6.0                 8.0                13.0                10.0
  [total]                             11.0                11.0                 6.0                 6.0                 8.0                13.0                10.0

taught
  'All'                               11.0                11.0                 6.0                 6.0                 8.0                13.0                10.0
  [total]                             11.0                11.0                 6.0                 6.0                 8.0                13.0                10.0

theoret
  'All'                               11.0                11.0                 6.0                 6.0                 8.0                13.0                10.0
  [total]                             11.0                11.0                 6.0                 6.0                 8.0                13.0                10.0

toy
  'All'                               11.0                11.0                 6.0                 6.0                 8.0                13.0                10.0
  [total]                             11.0                11.0                 6.0                 6.0                 8.0                13.0                10.0

unbal
  'All'                               11.0                11.0                 6.0                 6.0                 8.0                13.0                10.0
  [total]                             11.0                11.0                 6.0                 6.0                 8.0                13.0                10.0

understand
  'All'                               11.0                11.0                 6.0                 6.0                 8.0                13.0                10.0
  [total]                             11.0                11.0                 6.0                 6.0                 8.0                13.0                10.0

veri
  'All'                               11.0                11.0                 6.0                 6.0                 8.0                13.0                10.0
  [total]                             11.0                11.0                 6.0                 6.0                 8.0                13.0                10.0

analysi
  'All'                               11.0                11.0                 6.0                 6.0                 8.0                13.0                10.0
  [total]                             11.0                11.0                 6.0                 6.0                 8.0                13.0                10.0

art
  'All'                               11.0                11.0                 6.0                 6.0                 8.0                13.0                10.0
  [total]                             11.0                11.0                 6.0                 6.0                 8.0                13.0                10.0

avoid
  'All'                               11.0                11.0                 6.0                 6.0                 8.0                13.0                10.0
  [total]                             11.0                11.0                 6.0                 6.0                 8.0                13.0                10.0

comput
  'All'                               11.0                11.0                 6.0                 6.0                 8.0                13.0                10.0
  [total]                             11.0                11.0                 6.0                 6.0                 8.0                13.0                10.0

consum
  'All'                               11.0                11.0                 6.0                 6.0                 8.0                13.0                10.0
  [total]                             11.0                11.0                 6.0                 6.0                 8.0                13.0                10.0

curv
  'All'                               11.0                11.0                 6.0                 6.0                 8.0                13.0                10.0
  [total]                             11.0                11.0                 6.0                 6.0                 8.0                13.0                10.0

detect
  'All'                               11.0                11.0                 6.0                 6.0                 8.0                13.0                10.0
  [total]                             11.0                11.0                 6.0                 6.0                 8.0                13.0                10.0

doe
  'All'                               11.0                11.0                 6.0                 6.0                 8.0                13.0                10.0
  [total]                             11.0                11.0                 6.0                 6.0                 8.0                13.0                10.0

failur
  'All'                               11.0                11.0                 6.0                 6.0                 8.0                13.0                10.0
  [total]                             11.0                11.0                 6.0                 6.0                 8.0                13.0                10.0

focus
  'All'                               11.0                11.0                 6.0                 6.0                 8.0                13.0                10.0
  [total]                             11.0                11.0                 6.0                 6.0                 8.0                13.0                10.0

git
  'All'                               11.0                11.0                 6.0                 6.0                 8.0                13.0                10.0
  [total]                             11.0                11.0                 6.0                 6.0                 8.0                13.0                10.0

induc
  'All'                               11.0                11.0                 6.0                 6.0                 8.0                13.0                10.0
  [total]                             11.0                11.0                 6.0                 6.0                 8.0                13.0                10.0

involv
  'All'                               11.0                11.0                 6.0                 6.0                 8.0                13.0                10.0
  [total]                             11.0                11.0                 6.0                 6.0                 8.0                13.0                10.0

issu
  'All'                               11.0                11.0                 6.0                 6.0                 8.0                13.0                10.0
  [total]                             11.0                11.0                 6.0                 6.0                 8.0                13.0                10.0

lead
  'All'                               11.0                11.0                 6.0                 6.0                 8.0                13.0                10.0
  [total]                             11.0                11.0                 6.0                 6.0                 8.0                13.0                10.0

mani
  'All'                               11.0                11.0                 6.0                 6.0                 8.0                13.0                10.0
  [total]                             11.0                11.0                 6.0                 6.0                 8.0                13.0                10.0

onli
  'All'                               11.0                11.0                 6.0                 6.0                 8.0                13.0                10.0
  [total]                             11.0                11.0                 6.0                 6.0                 8.0                13.0                10.0

overhead
  'All'                               11.0                11.0                 6.0                 6.0                 8.0                13.0                10.0
  [total]                             11.0                11.0                 6.0                 6.0                 8.0                13.0                10.0

power
  'All'                               11.0                11.0                 6.0                 6.0                 8.0                13.0                10.0
  [total]                             11.0                11.0                 6.0                 6.0                 8.0                13.0                10.0

specif
  'All'                               11.0                11.0                 6.0                 6.0                 8.0                13.0                10.0
  [total]                             11.0                11.0                 6.0                 6.0                 8.0                13.0                10.0

static
  'All'                               11.0                11.0                 6.0                 6.0                 8.0                13.0                10.0
  [total]                             11.0                11.0                 6.0                 6.0                 8.0                13.0                10.0

universitari
  'All'                               11.0                11.0                 6.0                 6.0                 8.0                13.0                10.0
  [total]                             11.0                11.0                 6.0                 6.0                 8.0                13.0                10.0



Time taken to build model: 0.01 seconds

=== Stratified cross-validation ===
=== Summary ===

Correctly Classified Instances          19               32.7586 %
Incorrectly Classified Instances        39               67.2414 %
Kappa statistic                          0.1597
Mean absolute error                      0.2266
Root mean squared error                  0.3327
Relative absolute error                 93.4907 %
Root relative squared error             95.462  %
Total Number of Instances               58     

=== Detailed Accuracy By Class ===

                 TP Rate  FP Rate  Precision  Recall   F-Measure  MCC      ROC Area  PRC Area  Class
                 0,000    0,000    ?          0,000    ?          ?        0,540     0,182     assessment
                 0,000    0,000    ?          0,000    ?          ?        0,540     0,182     classes preparation
                 0,000    0,000    ?          0,000    ?          ?        0,302     0,071     curriculum
                 0,000    0,000    ?          0,000    ?          ?        0,342     0,078     devops concepts
                 0,000    0,000    ?          0,000    ?          ?        0,232     0,087     environment setup
                 1,000    0,826    0,240      1,000    0,387      0,204    0,516     0,207     pedagogy
                 0,778    0,020    0,875      0,778    0,824      0,795    0,786     0,644     tools
Weighted Avg.    0,328    0,174    ?          0,328    ?          ?        0,498     0,229     

=== Confusion Matrix ===

  a  b  c  d  e  f  g   <-- classified as
  0  0  0  0  0 10  0 |  a = assessment
  0  0  0  0  0 10  0 |  b = classes preparation
  0  0  0  0  0  5  0 |  c = curriculum
  0  0  0  0  0  5  0 |  d = devops concepts
  0  0  0  0  0  6  1 |  e = environment setup
  0  0  0  0  0 12  0 |  f = pedagogy
  0  0  0  0  0  2  7 |  g = tools

